# Hicken et al. 2009
# Tables 3 and 4: MLCS2K2 Light Curve Fits
#
#SN Ia     Delta    Deltae   A(V)     A(V)e    (B-V)    (B-V)e   mB       mBe      mV       mVe      E(B-V)   E(B-V)e  zCMB     mU       mUe     (U-B)     (U-B)e   E(U-B)   E(U-B)e  Dm15U    Dm15Ue   Dm15B    Dm15Be   Dm15V    Dm15Ve   DtU      DtB      DtV
1980N     -0.0400   0.0780   0.2110   0.0510  -0.0200   0.0500  12.4000   0.0300  12.3800   0.0300   0.1241   0.0300   0.0055  12.1000   0.0600  -0.2900   0.0700   0.0881   0.0213 -99.9900  -9.9900   1.2800   0.0500   0.7300   0.0500   2.0200   2.0200   0.9800
1981B     -0.1360   0.0700   0.2300   0.0630   0.0100   0.0600  11.9300   0.0400  11.8900   0.0500   0.1353   0.0371   0.0072  11.6200   0.1000  -0.2500   0.1100   0.0961   0.0263   1.3900   0.1800   1.1000   0.0600   0.7300   0.0900   0.6600   0.3600   3.5000
1981D      0.2900   0.2230   0.3390   0.1520   0.1100   0.1000  12.4900   0.0900  12.3400   0.0500   0.1994   0.0894   0.0055  12.2800   0.1600  -0.1500   0.1800   0.1416   0.0635   1.3400   0.3200   1.3200   0.1800   0.8600   0.1300   1.0000   5.9900   5.9900
1986G      1.2030   0.0640   1.2210   0.0860   0.8800   0.0900  12.0300   0.0800  11.1100   0.0600   0.7182   0.0506   0.0027  12.5800   0.1000   0.6400   0.1000   0.5099   0.0359   2.0500   0.2400   1.6500   0.0900   1.0100   0.0900   5.0900   0.9900   3.9400
1989B      0.0030   0.1150   0.8590   0.0810   0.3200   0.1000  12.2300   0.0900  11.8800   0.0500   0.5053   0.0476   0.0035  12.2000   0.0700   0.0400   0.1100   0.3588   0.0338   1.2400   0.1000   1.0200   0.1300   0.6400   0.1900   0.9900   3.9900   3.9900
1990N     -0.2990   0.0560   0.2210   0.0510   0.0100   0.0600  12.6700   0.0500  12.6500   0.0400   0.1300   0.0300   0.0043 -99.9900  -9.9900 -99.9900  -9.9900   0.0923   0.0213 -99.9900  -9.9900   1.0400   0.1300   0.6200   0.1100 -99.9900   7.9000   7.0200
1990af     0.5070   0.1190   0.0730   0.0640  -0.0100   0.0600  17.7700   0.0400  17.7600   0.0400   0.0429   0.0376   0.0502 -99.9900  -9.9900 -99.9900  -9.9900   0.0305   0.0267 -99.9900  -9.9900   1.6300   0.0600   0.8900   0.0700 -99.9900   0.9900   1.9000
1991T     -0.3510   0.0360   0.3020   0.0390   0.1200   0.0300  11.6000   0.0200  11.4500   0.0200   0.1776   0.0229   0.0069  11.1600   0.0300  -0.4500   0.0400   0.1261   0.0163   1.3700   0.0400   0.8000   0.0300   0.6200   0.0500   1.0000   1.0000   3.0500
1991bg     1.4350   0.0480   0.0960   0.0570   0.7100   0.0600  14.6000   0.0500  13.8500   0.0400   0.0565   0.0335   0.0046 -99.9900  -9.9900 -99.9900  -9.9900   0.0401   0.0238 -99.9900  -9.9900   1.8700   0.0800   1.4100   0.0700 -99.9900   0.9900   0.1500
1992A      0.4130   0.0550   0.0140   0.0140   0.0200   0.0200  12.5300   0.0200  12.4800   0.0100   0.0082   0.0082   0.0059  12.3600   0.0700  -0.1600   0.0700   0.0058   0.0058   1.4400   0.1400   1.3600   0.0300   0.8300   0.0200   7.0400   0.9600   1.1100
1992ag     0.0500   0.0860   0.3120   0.0810   0.0300   0.0800  16.2000   0.0800  16.1600   0.0600   0.1835   0.0476   0.0259 -99.9900  -9.9900 -99.9900  -9.9900   0.1303   0.0338 -99.9900  -9.9900   1.1000   0.0900   0.6000   0.0800 -99.9900   0.9800   1.0500
1992al    -0.0640   0.0610   0.0330   0.0270  -0.1000   0.0500  14.4500   0.0400  14.5500   0.0400   0.0194   0.0159   0.0141 -99.9900  -9.9900 -99.9900  -9.9900   0.0138   0.0113 -99.9900  -9.9900   1.1000   0.0800   0.6100   0.0800 -99.9900   3.7800   3.7800
1992bc    -0.2530   0.0440   0.0120   0.0120  -0.0800   0.0500  15.0800   0.0400  15.1600   0.0400   0.0071   0.0071   0.0198 -99.9900  -9.9900 -99.9900  -9.9900   0.0050   0.0050 -99.9900  -9.9900   0.8200   0.0800   0.6100   0.0800 -99.9900   3.8500   3.8500
1992bh    -0.1700   0.0860   0.1830   0.0790   0.0200   0.0600  17.5900   0.0400  17.5400   0.0400   0.1076   0.0465   0.0451 -99.9900  -9.9900 -99.9900  -9.9900   0.0764   0.0330 -99.9900  -9.9900 -99.9900  -9.9900 -99.9900  -9.9900 -99.9900   2.8100   2.8100
1992bo     0.5800   0.0790   0.0340   0.0290  -0.0700   0.0600  15.6900   0.0400  15.7400   0.0400   0.0200   0.0171   0.0181 -99.9900  -9.9900 -99.9900  -9.9900   0.0142   0.0121 -99.9900  -9.9900 -99.9900  -9.9900 -99.9900  -9.9900 -99.9900   4.0200   2.9400
1992bp     0.0090   0.0990   0.0360   0.0310  -0.1100   0.0900  18.3000   0.0700  18.4100   0.0600   0.0212   0.0182   0.0789 -99.9900  -9.9900 -99.9900  -9.9900   0.0151   0.0129 -99.9900  -9.9900   1.3400   0.1500   0.5800   0.1300 -99.9900   6.4800   6.4800
1993H      0.8740   0.0960   0.0290   0.0260   0.1300   0.0600  16.7100   0.0500  16.5100   0.0400   0.0171   0.0153   0.0248 -99.9900  -9.9900 -99.9900  -9.9900   0.0121   0.0109 -99.9900  -9.9900   1.7600   0.0900   1.0200   0.0700 -99.9900   1.1100   0.8700
1993O     -0.0300   0.0720   0.0480   0.0340  -0.1800   0.0700  17.5800   0.0500  17.7200   0.0500   0.0282   0.0200   0.0519 -99.9900  -9.9900 -99.9900  -9.9900   0.0200   0.0142 -99.9900  -9.9900   1.2300   0.0700   0.7100   0.0800 -99.9900   2.1300   3.6100
1993ag    -0.0190   0.0940   0.1020   0.0660   0.0200   0.1000  17.8200   0.0900  17.7800   0.0700   0.0600   0.0388   0.0500 -99.9900  -9.9900 -99.9900  -9.9900   0.0426   0.0275 -99.9900  -9.9900 -99.9900  -9.9900 -99.9900  -9.9900 -99.9900   6.6700   6.6700
1994D      0.3610   0.0490   0.0090   0.0090  -0.0400   0.0400  11.7800   0.0400  11.8200   0.0200   0.0053   0.0053   0.0031  11.1400   0.0900  -0.6200   0.1000   0.0038   0.0038   1.7100   0.1200   1.3500   0.0700   0.8100   0.0500   0.8100   0.6500   0.4900
1994S     -0.1730   0.0780   0.0470   0.0340  -0.0200   0.0800  14.7600   0.0500  14.7800   0.0600   0.0276   0.0200   0.0160 -99.9900  -9.9900 -99.9900  -9.9900   0.0196   0.0142 -99.9900  -9.9900 -99.9900  -9.9900   0.6800   0.0900 -99.9900   1.9700   1.9700
1994T      0.7460   0.1060   0.0530   0.0420   0.1800   0.0500  17.3200   0.0300  17.1400   0.0400   0.0312   0.0247   0.0357 -99.9900  -9.9900 -99.9900  -9.9900   0.0222   0.0175 -99.9900  -9.9900   1.3600   0.0500   0.8700   0.0600 -99.9900   0.8700   0.8700
1994ae    -0.2360   0.0440   0.0490   0.0320  -0.0400   0.0700  12.9500   0.0600  12.9900   0.0300   0.0288   0.0188   0.0055 -99.9900  -9.9900 -99.9900  -9.9900   0.0204   0.0133 -99.9900  -9.9900   0.9800   0.1500   0.6400   0.0400 -99.9900   7.9600   0.9900
1995D     -0.2290   0.0480   0.0680   0.0440  -0.1000   0.0700  13.1700   0.0600  13.2500   0.0500   0.0400   0.0259   0.0077 -99.9900  -9.9900 -99.9900  -9.9900   0.0284   0.0184 -99.9900  -9.9900   1.0200   0.0700   0.6500   0.0700 -99.9900   1.9800   2.0200
1995E     -0.0930   0.0660   1.4600   0.0640   0.7000   0.0700  16.6800   0.0500  15.9700   0.0500   0.8588   0.0376   0.0117 -99.9900  -9.9900 -99.9900  -9.9900   0.6097   0.0267 -99.9900  -9.9900   1.1100   0.1100   0.6100   0.0800 -99.9900   2.8700   2.8700
1995ac    -0.3160   0.0520   0.1060   0.0550  -0.1100   0.0600  17.0600   0.0400  17.1300   0.0400   0.0624   0.0324   0.0488 -99.9900  -9.9900 -99.9900  -9.9900   0.0443   0.0230 -99.9900  -9.9900   0.7700   0.0700   0.5800   0.0800 -99.9900   2.7800   3.8300
1995ak     0.1300   0.0800   0.2590   0.0720   0.0300   0.0800  16.0000   0.0600  15.9400   0.0600   0.1524   0.0424   0.0220 -99.9900  -9.9900 -99.9900  -9.9900   0.1082   0.0301 -99.9900  -9.9900 999.0000 999.0000   0.8600   0.0700 -99.9900   1.0100   0.8600
1995al    -0.2750   0.0490   0.1770   0.0490   0.1300   0.0700  13.3300   0.0500  13.1900   0.0500   0.1041   0.0288   0.0059  12.7200   0.1000  -0.5700   0.1100   0.0739   0.0204   0.8900   0.1700   0.8400   0.0900   0.5600   0.0600   3.9700   3.9800   1.0000
1995bd    -0.3270   0.0490   0.4620   0.1590   0.2700   0.3300  15.2000   0.3300  14.9100   0.2500   0.2718   0.0935   0.0144 -99.9900  -9.9900 -99.9900  -9.9900   0.1930   0.0664 -99.9900  -9.9900   0.9400   0.3400   0.7400   0.2500 -99.9900   5.9700   0.9800
1996X      0.0660   0.0560   0.0310   0.0240  -0.0500   0.0500  12.9800   0.0500  13.0200   0.0400   0.0182   0.0141   0.0078  12.3600   0.0600  -0.4800   0.0600   0.0129   0.0100   1.3700   0.1000   1.2900   0.0600   0.8100   0.0400   0.9900   1.0900   1.0000
1996bo    -0.0350   0.0780   0.6260   0.0710   0.3100   0.0600  15.8300   0.0500  15.5000   0.0400   0.3682   0.0418   0.0163 -99.9900  -9.9900 -99.9900  -9.9900   0.2614   0.0297 -99.9900  -9.9900   1.2300   0.0600   0.7000   0.0700 -99.9900   1.9600   3.9300
1997E      0.3120   0.0860   0.0850   0.0510   0.0300   0.0900  15.1200   0.0800  15.0700   0.0700   0.0500   0.0300   0.0133  14.7700   0.1000  -0.3200   0.1000   0.0355   0.0213   1.6400   0.1100   1.4100   0.0900   0.7900   0.0900   1.0700   1.8600   3.9400
1997bp    -0.2850   0.0560   0.4790   0.0480   0.1000   0.0400  13.9100   0.0300  13.7300   0.0300   0.2818   0.0282   0.0094  13.8100   0.0500  -0.0600   0.0500   0.2001   0.0200 -99.9900  -9.9900   1.1600   0.0600   0.7100   0.0400   1.0000   0.9800   2.0500
1997br    -0.3760   0.0390   0.5490   0.0540   0.1600   0.1300  13.6300   0.1200  13.4200   0.0800   0.3229   0.0318   0.0080  13.0400   0.0900  -0.5400   0.1300   0.2293   0.0226   1.2100   0.1000   1.0800   0.1700   0.6500   0.1200   1.9000   6.7900   5.9600
1997dg    -0.0180   0.0840   0.0920   0.0520  -0.0300   0.0600  16.8500   0.0600  16.8600   0.0400   0.0541   0.0306   0.0297  16.3300   0.3000  -0.4700   0.0800   0.0384   0.0217 -99.9900  -9.9900 -99.9900  -9.9900 -99.9900  -9.9900   9.0000   9.0000   9.0000
1998aq    -0.1220   0.0380   0.0110   0.0110  -0.1200   0.0300  12.3100   0.0200  12.4300   0.0200   0.0065   0.0065   0.0045  11.6200   0.0300  -0.6500   0.0400   0.0046   0.0046   1.2300   0.0500   1.0300   0.0300   0.6600   0.0300   2.0100   1.0300   0.9400
1998bp     1.2540   0.0470   0.0250   0.0200   0.1600   0.0600  15.2800   0.0500  15.0500   0.0400   0.0147   0.0118   0.0102  15.2000   0.0800  -0.0600   0.0800   0.0104   0.0084   2.3600   0.1000   1.9600   0.0800   1.1200   0.0400   2.9800   2.9800   1.0400
1998bu    -0.0660   0.0470   0.6310   0.0400   0.3200   0.0200  12.1200   0.0200  11.7800   0.0200   0.3712   0.0235   0.0040  11.7800   0.0400  -0.2900   0.0400   0.2636   0.0167   1.1600   0.0500   1.0400   0.0300   0.7500   0.0300   0.9100   0.8200   0.8200
1998de     1.5170   0.0420   0.1420   0.0610   0.6000   0.0500  17.3000   0.0500  16.6600   0.0400   0.0835   0.0359   0.0156 -99.9900  -9.9900 -99.9900  -9.9900   0.0593   0.0255 -99.9900  -9.9900   1.9900   0.1200   1.2700   0.0600 -99.9900   0.9800   1.0200
1998es    -0.3300   0.0370   0.2070   0.0420   0.0800   0.0700  13.8300   0.0400  13.7500   0.0700   0.1218   0.0247   0.0096  13.2600   0.0600  -0.5400   0.0600   0.0865   0.0175 -99.9900  -9.9900   0.8100   0.0700   0.5900   0.1400   1.0300   0.8900   7.9900
1999aa    -0.3460   0.0320   0.0250   0.0210  -0.0600   0.0300  14.7200   0.0300  14.7700   0.0200   0.0147   0.0124   0.0153  14.1700   0.0600  -0.5300   0.0600   0.0104   0.0088 -99.9900  -9.9900   0.8000   0.0600   0.5800   0.0300   4.8200   2.0200   0.8600
1999ac    -0.1440   0.0470   0.2440   0.0420  -0.0100   0.0500  14.0900   0.0400  14.0500   0.0300   0.1435   0.0247   0.0098  13.7700   0.0600  -0.2700   0.0600   0.1019   0.0175 -99.9900  -9.9900   1.3300   0.0600 -99.9900  -9.9900   4.0200   0.9800   1.9700
1999aw    -0.4580   0.0420   0.0210   0.0160  -0.0100   0.0400  16.7300   0.0400  16.7400   0.0300   0.0124   0.0094   0.0392 -99.9900  -9.9900 -99.9900  -9.9900   0.0088   0.0067 -99.9900  -9.9900   0.7900   0.0800   0.6200   0.0600 -99.9900   4.7200   1.1800
1999by     1.4650   0.0320   0.0300   0.0220   0.4000   0.0600  13.5400   0.0600  13.1000   0.0200   0.0176   0.0129   0.0028  13.7300   0.0200   0.2000   0.0600   0.0125   0.0092 -99.9900  -9.9900   1.9800   0.0800   1.2600   0.0300   0.9900   0.9700   1.0000
1999cc     0.2880   0.0940   0.0640   0.0490  -0.0100   0.0300  16.7600   0.0200  16.7500   0.0200   0.0376   0.0288   0.0315  16.4400   0.0500  -0.3100   0.0600   0.0267   0.0204 -99.9900  -9.9900 -99.9900  -9.9900 -99.9900  -9.9900   4.9100   0.8100   0.9800
1999cl    -0.0160   0.0860   2.1980   0.0660   1.1200   0.0500  14.8700   0.0400  13.7200   0.0400   1.2929   0.0388   0.0087  15.5100   0.0700   0.6600   0.0800   0.9180   0.0275 -99.9900  -9.9900 -99.9900  -9.9900 -99.9900  -9.9900   1.9800   1.9500   2.9900
1999da     1.4870   0.0430   0.0660   0.0490   0.5200   0.0500  16.6500   0.0400  16.0600   0.0400   0.0388   0.0288   0.0125 -99.9900  -9.9900 -99.9900  -9.9900   0.0275   0.0204 -99.9900  -9.9900   1.9200   0.1100   1.1500   0.1000 -99.9900   1.8400   2.0800
1999dk    -0.3060   0.0530   0.2520   0.0580   0.0500   0.0500  14.8100   0.0500  14.7600   0.0400   0.1482   0.0341   0.0139  14.5400   0.0900  -0.2400   0.1000   0.1052   0.0242   1.9300   0.2100   1.1900   0.0500   0.6400   0.0500   7.8900   1.2400   1.2400
1999dq    -0.3590   0.0340   0.2990   0.0510   0.0700   0.0800  14.4200   0.0800  14.3400   0.0600   0.1759   0.0300   0.0135  13.8800   0.1000  -0.4800   0.1000   0.1249   0.0213 -99.9900  -9.9900   0.8600   0.1100   0.5500   0.0800   1.0100   0.9500   0.9400
1999ee    -0.2780   0.0370   0.6430   0.0410   0.2700   0.0300  14.8500   0.0200  14.5600   0.0200   0.3782   0.0241   0.0106  14.6500   0.0300  -0.1800   0.0300   0.2685   0.0171   1.2300   0.0600   0.9000   0.0300   0.6500   0.0300   2.9400   0.9500   0.8700
1999ek     0.0560   0.0780   0.3120   0.1560   0.1000   0.3700  15.6100   0.3700  15.4900   0.2800   0.1835   0.0918   0.0176 -99.9900  -9.9900 -99.9900  -9.9900   0.1303   0.0652 -99.9900  -9.9900   1.2100   0.3700   0.7200   0.2800 -99.9900   2.0300   0.8500
1999gp    -0.4150   0.0350   0.1490   0.0440  -0.0000   0.0500  15.9900   0.0500  15.9700   0.0300   0.0876   0.0259   0.0260  15.4000   0.0600  -0.5400   0.0700   0.0622   0.0184   1.0500   0.0800   0.8000   0.0700   0.5500   0.0400   1.8600   2.8500   0.9100
2000E     -0.2270   0.0630   0.4660   0.1220   0.1700   0.2400  12.8600   0.2400  12.6800   0.1900   0.2741   0.0718   0.0042 -99.9900  -9.9900 -99.9900  -9.9900   0.1946   0.0510 -99.9900  -9.9900   0.9400   0.2500   0.6600   0.1900 -99.9900   4.9600   3.9400
2000cf    -0.0050   0.0790   0.0860   0.0550  -0.0500   0.0400  17.0800   0.0300  17.1100   0.0300   0.0506   0.0324   0.0365 -99.9900  -9.9900 -99.9900  -9.9900   0.0359   0.0230 -99.9900  -9.9900   1.4700   0.0500   0.7700   0.0400 -99.9900   1.1300   1.1300
2000cn     0.7240   0.0840   0.0710   0.0600   0.1000   0.0600  16.5700   0.0500  16.4000   0.0300   0.0418   0.0353   0.0232  16.4000   0.0900  -0.1600   0.1000   0.0297   0.0251 -99.9900  -9.9900 -99.9900  -9.9900 -99.9900  -9.9900   5.9500   5.9500   0.9200
2000dk     0.5110   0.0660   0.0170   0.0150  -0.0200   0.0600  15.3400   0.0500  15.3300   0.0400   0.0100   0.0088   0.0164  14.9900   0.0700  -0.2900   0.0700   0.0071   0.0062   1.8600   0.0800 -99.9900  -9.9900 -99.9900  -9.9900   0.9100   1.8400   4.9100
2001ba    -0.1640   0.0580   0.0250   0.0210  -0.1500   0.0600  16.1800   0.0500  16.3100   0.0500   0.0147   0.0124   0.0305 -99.9900  -9.9900 -99.9900  -9.9900   0.0104   0.0088 -99.9900  -9.9900   0.9500   0.0500   0.5900   0.0700 -99.9900   0.9800   2.9000
2001bt     0.0410   0.0690   0.4260   0.0630   0.1400   0.0500  15.2600   0.0500  15.0900   0.0400   0.2506   0.0371   0.0144 -99.9900  -9.9900 -99.9900  -9.9900   0.1779   0.0263 -99.9900  -9.9900   1.2600   0.0700   0.7000   0.0600 -99.9900   2.8300   3.0100
2001cz    -0.1240   0.0610   0.2000   0.0700   0.0900   0.0700  15.0500   0.0600  14.9500   0.0500   0.1176   0.0412   0.0163 -99.9900  -9.9900 -99.9900  -9.9900   0.0835   0.0293 -99.9900  -9.9900   0.9300   0.0800   0.6200   0.0600 -99.9900   2.8900   1.9700
2001el    -0.1150   0.0530   0.5000   0.0440   0.0300   0.0300  12.7500   0.0300  12.7000   0.0100   0.2941   0.0259   0.0037  12.5600   0.0400  -0.1600   0.0500   0.2088   0.0184   1.5500   0.0700   1.1500   0.0700   0.6300   0.0200   4.0300   4.0200   1.0200
2001ep     0.0460   0.0810   0.2590   0.0540   0.0300   0.0500  14.8700   0.0400  14.8100   0.0300   0.1524   0.0318   0.0129  14.5200   0.0400  -0.3100   0.0500   0.1082   0.0226 -99.9900  -9.9900 -99.9900  -9.9900 -99.9900  -9.9900   0.8400   3.9700   3.9800
2001fe    -0.1690   0.0670   0.0990   0.0490   0.0200   0.0500  14.6800   0.0400  14.6500   0.0300   0.0582   0.0288   0.0143  14.0200   0.1000  -0.6000   0.0900   0.0413   0.0204 -99.9900  -9.9900 -99.9900  -9.9900 -99.9900  -9.9900   6.8800   5.8800   4.0300
2001fh     0.6320   0.1240   0.0770   0.0620  -0.1500   0.5000  14.1900   0.5000  14.3100   0.3800   0.0453   0.0365   0.0114  13.8700   0.5900  -0.2500   0.5900   0.0322   0.0259 -99.9900  -9.9900 -99.9900  -9.9900 -99.9900  -9.9900   0.9700   3.0100   2.9300
2001V     -0.3300   0.0430   0.1710   0.0410  -0.0000   0.1000  14.6400   0.0800  14.6100   0.0500   0.1006   0.0241   0.0162  14.0100   0.0900  -0.6000   0.1200   0.0714   0.0171   1.0100   0.1800   0.6500   0.1500   0.5300   0.1300   8.7000   7.7400   7.7400
2002bo    -0.1060   0.0640   0.9080   0.0500   0.3400   0.1100  13.9400   0.0800  13.5900   0.0700   0.5341   0.0294   0.0054 -99.9900  -9.9900 -99.9900  -9.9900   0.3792   0.0209 -99.9900  -9.9900 -99.9900  -9.9900 -99.9900  -9.9900 -99.9900 -99.9900 -99.9900
2002cd    -0.3210   0.0560   1.0260   0.1320   0.5700   0.2800  15.5300   0.2700  14.9300   0.2200   0.6035   0.0776   0.0097  15.5700   0.3200   0.0600   0.3100   0.4285   0.0551   1.0600   0.3300   0.9800   0.2700 -99.9900  -9.9900   3.9500   3.9600 -99.9900
2002cr     0.0090   0.0830   0.1220   0.0630  -0.0700   0.0500  14.1600   0.0400  14.2300   0.0400   0.0718   0.0371   0.0103 -99.9900  -9.9900 -99.9900  -9.9900   0.0510   0.0263 -99.9900  -9.9900   1.2600   0.1100   0.6600   0.1100 -99.9900   6.8300   6.8200
2002cx    -0.5320   0.0580   0.7030   0.0680   0.1700   0.1300  17.5400   0.1000  17.3400   0.0800   0.4135   0.0400   0.0250 -99.9900  -9.9900 -99.9900  -9.9900   0.2936   0.0284 -99.9900  -9.9900   1.3200   0.1400   0.7900   0.1300 -99.9900   5.8600   6.8700
2002de    -0.2240   0.1430   0.3820   0.0840   0.1300   0.0400  16.6600   0.0300  16.5200   0.0200   0.2247   0.0494   0.0281  16.3200   0.0600  -0.3100   0.0600   0.1595   0.0351 -99.9900  -9.9900 -99.9900  -9.9900 -99.9900  -9.9900   2.0000   2.9400   2.9400
2002dj    -0.2000   0.1200   0.3420   0.0780   0.1000   0.0800  13.9800   0.0700  13.8300   0.0600   0.2012   0.0459   0.0104 -99.9900  -9.9900 -99.9900  -9.9900   0.1429   0.0326 -99.9900  -9.9900 -99.9900  -9.9900 -99.9900  -9.9900 -99.9900   1.9600   7.9400
2002dp     0.0230   0.1350   0.2680   0.0900   0.1000   0.0700  14.6000   0.0500  14.4700   0.0500   0.1576   0.0529   0.0105  14.1600   0.0600  -0.3900   0.0700   0.1119   0.0376 -99.9900  -9.9900   1.1200   0.0600 -99.9900  -9.9900   1.9700   1.9700   6.8600
2002er     0.2700   0.0780   0.2270   0.0740   0.1200   0.1100  14.2400   0.1100  14.1000   0.0900   0.1335   0.0435   0.0085  13.9100   0.1300  -0.3300   0.1300   0.0948   0.0309   1.8700   0.1300   1.2800   0.1200   0.7300   0.1000   0.9900   1.0300   1.9400
2002fk    -0.0620   0.0560   0.0340   0.0230  -0.1200   0.0600  13.1100   0.0500  13.2300   0.0400   0.0200   0.0135   0.0070 -99.9900  -9.9900 -99.9900  -9.9900   0.0142   0.0096 -99.9900  -9.9900 -99.9900  -9.9900   0.6500   0.1000 -99.9900   6.9800   6.0200
2002ha     0.1270   0.0790   0.0420   0.0320  -0.0900   0.0900  14.6900   0.0800  14.7700   0.0700   0.0247   0.0188   0.0134 -99.9900  -9.9900 -99.9900  -9.9900   0.0175   0.0133 -99.9900  -9.9900   1.3400   0.1500   0.7800   0.1500 -99.9900   8.8400   8.8400
2002hu    -0.2460   0.0550   0.0360   0.0300  -0.1200   0.0500  16.5800   0.0400  16.7000   0.0300   0.0212   0.0176   0.0382  16.0800   0.0500  -0.4800   0.0600   0.0151   0.0125   1.3200   0.0900   1.0400   0.0700   0.5300   0.0700   3.8400   3.8500   3.8400
2003W     -0.0710   0.0590   0.3300   0.0500   0.1200   0.0600  15.8500   0.0400  15.7100   0.0500   0.1941   0.0294   0.0211  15.6000   0.0800  -0.1500   0.0800   0.1378   0.0209   1.3500   0.1000   1.1600   0.0400   0.7100   0.1400   1.0400   0.9400   8.9000
2003cg     0.0230   0.0740   2.2090   0.0530   1.2300   0.0500  15.7900   0.0500  14.5600   0.0200   1.2994   0.0312   0.0053  16.3800   0.0500   0.6600   0.0600   0.9226   0.0222 -99.9900  -9.9900 -99.9900  -9.9900   0.6800   0.0500   3.0800   5.9100   2.8400
2003du    -0.1680   0.0450   0.0320   0.0220  -0.1200   0.0700  13.4300   0.0600  13.5400   0.0200   0.0188   0.0129   0.0066  13.0700   0.1600  -0.3500   0.1900   0.0133   0.0092 -99.9900  -9.9900 -99.9900  -9.9900 -99.9900  -9.9900   6.9400   2.8600   2.8600
2003iv     0.2780   0.1060   0.0230   0.0240  -0.1000   0.1000  16.9700   0.0900  17.0100   0.0800   0.0135   0.0141   0.0335  16.5700   0.1500  -0.3700   0.1500   0.0096   0.0100 -99.9900  -9.9900 -99.9900  -9.9900 -99.9900  -9.9900 -99.9900   1.9700   4.8000
2003kf    -0.1710   0.0550   0.1140   0.0800   0.0200   0.2100  13.2800   0.2100  13.2500   0.1600   0.0671   0.0471   0.0077  12.9300   0.2500  -0.2700   0.2500   0.0476   0.0334   0.9400   0.2800   0.9700   0.2300   0.7000   0.1900   9.0200   6.1000   6.1100
2004as    -0.1840   0.0700   0.3030   0.0580   0.0100   0.1500  16.9300   0.1500  16.9100   0.0300   0.1782   0.0341   0.0321 -99.9900  -9.9900 -99.9900  -9.9900   0.1265   0.0242 -99.9900  -9.9900 -99.9900  -9.9900   0.6400   0.0600 -99.9900 -99.9900   2.8100
2005am     0.4000   0.0910   0.0370   0.0330   0.0100   0.0500  13.6200   0.0400  13.6000   0.0300   0.0218   0.0194   0.0095 -99.9900  -9.9900  -0.2700   0.0600   0.0155   0.0138 -99.9900  -9.9900   1.7300   0.0500   0.8900   0.0500 -99.9900   1.0100   0.9500
2005cf    -0.1470   0.0810   0.2080   0.0700  -0.0500   0.0700  13.2400   0.0700  13.2800   0.0500   0.1224   0.0412   0.0070  12.8400   0.0800  -0.3800   0.0800   0.0869   0.0293   1.3000   0.0900   1.0600   0.0800   0.6100   0.0600   3.0500   3.0300   1.0000
2005el     0.2100   0.0600   0.0120   0.0130  -0.0500   0.0800  14.8400   0.0800  14.8800   0.0600   0.0071   0.0076   0.0148  14.2800   0.1000  -0.5300   0.1000   0.0050   0.0054   1.6500   0.1700   1.2300   0.1100   0.7900   0.1000   8.8400   4.8500   4.8500
2005eq    -0.3090   0.0450   0.1040   0.0470   0.0300   0.0700  16.2800   0.0600  16.2500   0.0500   0.0612   0.0276   0.0284  15.7700   0.0800  -0.4700   0.0900   0.0435   0.0196   1.1800   0.1300   0.8600   0.1100   0.4900   0.1000   5.7800   5.7900   5.7800
2005eu    -0.3190   0.0560   0.0520   0.0380 -99.9900  -9.9900 -99.9900  -9.9900  16.3900   0.0800   0.0306   0.0224   0.0341 -99.9900  -9.9900 -99.9900  -9.9900   0.0217   0.0159 -99.9900  -9.9900 -99.9900  -9.9900   0.6700   0.1500 -99.9900 -99.9900   7.8900
2005hc    -0.1250   0.0750   0.1150   0.0520  -0.1200   0.0600  17.3100   0.0400  17.4100   0.0400   0.0676   0.0306   0.0450  16.9300   0.0600  -0.3800   0.0700   0.0480   0.0217   1.4900   0.1500   0.9700   0.0500   0.5300   0.1000   1.0400   0.8600   5.6900
2005hk    -0.3100   0.0460   0.8100   0.0440   0.0400   0.0500  15.8400   0.0500  15.7100   0.0200   0.4765   0.0259   0.0118  15.4400   0.0300  -0.2700   0.0600   0.3383   0.0184   1.7200   0.0600   1.4700   0.1400   0.8300   0.0300   0.8800   8.8700   0.9100
2005iq     0.1370   0.0730   0.0310   0.0260  -0.1000   0.0700  16.8000   0.0700  16.8800   0.0300   0.0182   0.0153   0.0330  16.3000   0.1900  -0.4800   0.2000   0.0129   0.0109   1.8800   0.3100   1.0500   0.1000   0.6800   0.0400   5.8400   4.7200   0.8900
2005kc     0.0360   0.0820   0.6240   0.0740   0.2000   0.1400  15.5800   0.0900  15.3800   0.0700   0.3671   0.0435   0.0138  15.4900   0.1100  -0.0900   0.2000   0.2606   0.0309 -99.9900  -9.9900   1.2400   0.1900   0.6600   0.1400   2.8800   1.9300   1.9300
2005ke     1.5510   0.0330   0.0680   0.0400   0.6600   0.0700  14.8800   0.0500  14.1400   0.0400   0.0400   0.0235   0.0045  15.1500   0.0400   0.3400   0.0600   0.0284   0.0167   1.7700   0.0600   1.6600   0.1400   1.1500   0.1300   0.0100   8.8600   7.8600
2005ki     0.2850   0.0660   0.0180   0.0150  -0.1000   0.0700  15.5600   0.0700  15.6600   0.0200   0.0106   0.0088   0.0208  14.9600   0.1200  -0.5500   0.1400   0.0075   0.0062 999.0000 999.0000 999.0000 999.0000 999.0000 999.0000   8.8000   8.8000   1.0200
2005lz     0.2170   0.1030   0.1730   0.0680  -0.0400   0.0800  17.5500   0.0700  17.5900   0.0600   0.1018   0.0400   0.0402  17.3300   0.1000  -0.2200   0.1100   0.0723   0.0284 -99.9900  -9.9900   1.3500   0.1900   0.5900   0.0900   3.0200   3.0200   3.0200
2005mc     0.9350   0.0710   0.0770   0.0510   0.1700   0.0500  17.2100   0.0400  17.0000   0.0400   0.0453   0.0300   0.0261  17.1400   0.0600  -0.0400   0.0600   0.0322   0.0213   1.9600   0.3600   1.8700   0.1100   1.0400   0.0700   1.0200   3.9200   3.9100
2005ms    -0.1590   0.0520   0.0700   0.0400  -0.0800   0.0400  16.1300   0.0300  16.1700   0.0300   0.0412   0.0235   0.0259  15.7000   0.0400  -0.4300   0.0500   0.0293   0.0167 -99.9900  -9.9900   0.7900   0.0700   0.5600   0.0400   3.9000   3.9100   1.8300
2005mz     1.3640   0.0670   0.2660   0.0890   0.2400   0.1100  16.3700   0.1100  16.0600   0.0900   0.1565   0.0524   0.0170  16.3200   0.1300   0.0700   0.1400   0.1111   0.0372 -99.9900  -9.9900   1.9600   0.1400   1.3300   0.1100   1.9800   1.9400   3.9700
2006ac     0.1610   0.0790   0.1040   0.0470   0.1100   0.0400  16.1900   0.0300  16.0600   0.0300   0.0612   0.0276   0.0236  15.8300   0.0500  -0.3500   0.0600   0.0435   0.0196   1.4600   0.0800   1.0800   0.0700   0.6600   0.0800   1.9100   3.8600   4.9700
2006ar     0.4280   0.2430   0.1960   0.1240   0.1100   0.0400  16.4600   0.0300  16.3300   0.0300   0.1153   0.0729   0.0229 -99.9900  -9.9900 -99.9900  -9.9900   0.0819   0.0518 -99.9900  -9.9900 -99.9900  -9.9900 -99.9900  -9.9900 -99.9900   3.9300   2.8500
2006ax    -0.1620   0.0480   0.0380   0.0290  -0.0800   0.0400  15.0100   0.0400  15.0800   0.0300   0.0224   0.0171   0.0180  14.4700   0.0500  -0.5000   0.0600   0.0159   0.0121   1.3900   0.1000   1.0800   0.0500   0.6300   0.0500   4.9300   1.9500   1.9400
2006az     0.1540   0.0560   0.0120   0.0120  -0.1300   0.0400  16.4500   0.0300  16.5500   0.0300   0.0071   0.0071   0.0316  15.8700   0.0600  -0.5200   0.0600   0.0050   0.0050   1.5200   0.1100   1.3000   0.0600   0.7300   0.0500   4.8300   2.0800   1.9100
2006br     0.0450   0.1500   1.7010   0.1020   0.9900   0.0800  19.0800   0.0700  18.0900   0.0400   1.0006   0.0600   0.0255 -99.9900  -9.9900 -99.9900  -9.9900   0.7104   0.0426 -99.9900  -9.9900   1.4700   0.2000   0.8900   0.0800 -99.9900   0.8900   0.9000
2006bt    -0.3250   0.0520   0.4280   0.0530   0.1200   0.0400  16.9100   0.0400  16.7700   0.0300   0.2518   0.0312   0.0325 -99.9900  -9.9900 -99.9900  -9.9900   0.1788   0.0222 -99.9900  -9.9900   1.0900   0.0600   0.5400   0.0400 -99.9900   1.0400   0.9800
2006bz     1.5020   0.0820   0.1820   0.1150   0.6100   0.0500  18.3300   0.0800  17.6300   0.0300   0.1071   0.0676   0.0277 -99.9900  -9.9900 -99.9900  -9.9900   0.0760   0.0480 -99.9900  -9.9900   2.0900   0.1600   1.4100   0.0600 -99.9900   0.9200   1.0800
2006cc    -0.2260   0.0580   0.8120   0.0510   0.3500   0.0400  17.8100   0.0300  17.4500   0.0200   0.4776   0.0300   0.0328  17.6000   0.0600  -0.1400   0.0700   0.3391   0.0213   1.0700   0.1500   1.0100   0.0500   0.7200   0.0600   3.7500   0.9600   2.8100
2006cm    -0.0520   0.0870   1.8290   0.0790   1.0700   0.0600  18.0500   0.0500  16.9600   0.0400   1.0759   0.0465   0.0152 -99.9900  -9.9900 -99.9900  -9.9900   0.7639   0.0330 -99.9900  -9.9900   0.9900   0.1300   0.7900   0.0700 -99.9900   0.9400   1.9700
2006cp    -0.1720   0.0870   0.4400   0.0640   0.0200   0.0500  15.8900   0.1400  15.8700   0.0900   0.2588   0.0376   0.0233 -99.9900  -9.9900 -99.9900  -9.9900   0.1837   0.0267 -99.9900  -9.9900 -99.9900  -9.9900 -99.9900  -9.9900 -99.9900   4.8400   4.8400
2006D      0.4230   0.0770   0.0760   0.0420   0.0500   0.0500  14.1300   0.0400  14.0600   0.0400   0.0447   0.0247   0.0097  13.9000   0.0500  -0.2000   0.0600   0.0317   0.0175   1.8500   0.0800   1.3500   0.0700   0.8400   0.1100   3.8800   3.8800   6.9600
2006gj     0.5820   0.1590   0.4820   0.1260   0.3400   0.1000  17.6700   0.0800  17.2800   0.0700   0.2835   0.0741   0.0277 -99.9900  -9.9900 -99.9900  -9.9900   0.2013   0.0526 -99.9900  -9.9900   1.3900   0.1700   0.9600   0.1500 -99.9900   8.7100   8.7100
2006gr    -0.3050   0.0460   0.3040   0.0520   0.0300   0.0800  16.9100   0.0700  16.8700   0.0500   0.1788   0.0306   0.0335  16.5900   0.0900  -0.2800   0.1000   0.1269   0.0217 -99.9900  -9.9900   0.9500   0.1300   0.5700   0.0800   1.8500   6.9100   3.9300
2006kf     0.6280   0.0970   0.0240   0.0240 -99.9900  -9.9900 -99.9900  -9.9900  15.9000   0.1200   0.0141   0.0141   0.0208 -99.9900  -9.9900 -99.9900  -9.9900   0.0100   0.0100 -99.9900  -9.9900 -99.9900  -9.9900   0.7700   0.1200 -99.9900 -99.9900   0.8700
2006le    -0.2720   0.0440   0.0760   0.0600  -0.0900   0.2700  14.7800   0.2700  14.8500   0.2100   0.0447   0.0353   0.0173  14.2600   0.3200  -0.5000   0.3100   0.0317   0.0251   1.0400   0.3300   0.8500   0.2700   0.5900   0.2200   2.0100   4.0200   4.0300
2006lf     0.2920   0.0790   0.0950   0.0740  -0.1800   0.6300  13.7000   0.6300  13.8800   0.4900   0.0559   0.0435   0.0130 -99.9900  -9.9900 -99.9900  -9.9900   0.0397   0.0309 -99.9900  -9.9900   1.3500   0.6200   0.7100   0.4900 -99.9900   6.0600   6.0600
2006mp    -0.1210   0.0580   0.1660   0.0680  -0.0000   0.0400  15.9600   0.0300  15.9300   0.0400   0.0976   0.0400   0.0229 -99.9900  -9.9900 -99.9900  -9.9900   0.0693   0.0284 -99.9900  -9.9900 -99.9900  -9.9900 -99.9900  -9.9900 -99.9900   1.9200   5.8700
2006N      0.4230   0.0700   0.0270   0.0230  -0.0300   0.0700  15.0800   0.0700  15.0900   0.0500   0.0159   0.0135   0.0143 -99.9900  -9.9900  -0.4300   0.0800   0.0113   0.0096 -99.9900  -9.9900   1.5700   0.0700   0.9000   0.0600 -99.9900   1.8500   1.8500
2006nz     1.1150   0.1180   0.0940   0.0780   0.2900   0.0800  18.1100   0.0600  17.7300   0.0500   0.0553   0.0459   0.0372 -99.9900  -9.9900 -99.9900  -9.9900   0.0393   0.0326 -99.9900  -9.9900 -99.9900  -9.9900   1.1800   0.1400 -99.9900   7.5800   7.5700
2006oa    -0.2520   0.1000   0.1860   0.0670  -0.0200   0.0800  17.8400   0.0600  17.8500   0.0600   0.1094   0.0394   0.0589  17.4600   0.0800  -0.3000   0.1000   0.0777   0.0280 -99.9900  -9.9900   0.9800   0.1800   0.6000   0.1400   0.9300   5.6700   3.7700
2006ob     0.5410   0.0780   0.0210   0.0210  -0.0200   0.0600  18.2000   0.0500  18.1700   0.0400   0.0124   0.0124   0.0582  17.7800   0.0800  -0.2100   0.0900   0.0088   0.0088 -99.9900  -9.9900   1.7000   0.1200   1.1500   0.1100   1.0300   1.8000   1.9400
2006qo    -0.1820   0.0550   0.4530   0.0630   0.1700   0.0600  16.8100   0.0400  16.6400   0.0400   0.2665   0.0371   0.0300 -99.9900  -9.9900 -99.9900  -9.9900   0.1892   0.0263 -99.9900  -9.9900   1.0200   0.1000   0.6100   0.1000 -99.9900   5.7400   5.7500
2006S     -0.1980   0.0530   0.2680   0.0460  -0.0000   0.0300  16.7900   0.0200  16.7500   0.0200   0.1576   0.0271   0.0329  16.3400   0.0500  -0.4300   0.0500   0.1119   0.0192 -99.9900  -9.9900   0.9100   0.0400   0.6000   0.0500   2.0100   0.9300   2.8200
2006sr     0.1870   0.0860   0.0850   0.0530   0.0200   0.0700  16.1400   0.0700  16.1100   0.0500   0.0500   0.0312   0.0232 -99.9900  -9.9900 -99.9900  -9.9900   0.0355   0.0222 -99.9900  -9.9900   1.2600   0.0900   0.7200   0.0800 -99.9900   3.8700   3.8800
2006td     0.3900   0.1380   0.1710   0.0790   0.1100   0.0600  15.7200   0.0600  15.6000   0.0500   0.1006   0.0465   0.0150 -99.9900  -9.9900 -99.9900  -9.9900   0.0714   0.0330 -99.9900  -9.9900   1.4800   0.1200   0.7600   0.1000 -99.9900   0.9900   0.9800
2006X     -0.1020   0.0570   2.4960   0.0430   1.2600   0.0500  15.2800   0.0400  13.9700   0.0200   1.4682   0.0253   0.0063  16.2800   0.0700   1.0000   0.0900   1.0424   0.0180 -99.9900  -9.9900   1.1000   0.1200   0.6900   0.0300 -99.9900   7.0400   1.0100
2007af    -0.0400   0.0520   0.2150   0.0540   0.0200   0.0300  13.1300   0.0300  13.1000   0.0200   0.1265   0.0318   0.0063 -99.9900  -9.9900 -99.9900  -9.9900   0.0898   0.0226 -99.9900  -9.9900   1.2000   0.0500   0.6500   0.0300 -99.9900   2.0400   0.9400
2007au     1.0840   0.0580   0.0490   0.0390   0.1200   0.0900  16.4600   0.0600  16.3200   0.0700   0.0288   0.0229   0.0202 -99.9900  -9.9900 -99.9900  -9.9900   0.0204   0.0163 -99.9900  -9.9900   1.9500   0.1100   0.9400   0.0800 -99.9900   5.8800   0.9700
2007bc     0.2850   0.0900   0.0840   0.0590  -0.1100   0.0500  15.8200   0.0400  15.9200   0.0300   0.0494   0.0347   0.0219 -99.9900  -9.9900 -99.9900  -9.9900   0.0351   0.0246 -99.9900  -9.9900   1.3500   0.0700   0.6700   0.0400 -99.9900   2.9200   0.9100
2007bd     0.2900   0.0970   0.0430   0.0330  -0.0600   0.0400  16.5300   0.0300  16.5800   0.0300   0.0253   0.0194   0.0320 -99.9900  -9.9900 -99.9900  -9.9900   0.0180   0.0138 -99.9900  -9.9900 -99.9900  -9.9900 -99.9900  -9.9900 -99.9900   3.9300   3.9300
2007ca    -0.2140   0.0570   0.5800   0.0690   0.2900   0.0500  15.9500   0.0500  15.6500   0.0400   0.3412   0.0406   0.0152 -99.9900  -9.9900 -99.9900  -9.9900   0.2423   0.0288 -99.9900  -9.9900 -99.9900  -9.9900 -99.9900  -9.9900 -99.9900   2.9200   2.9300
2007ci     0.8830   0.0780   0.0740   0.0630 -99.9900  -9.9900 -99.9900  -9.9900  15.8600   0.0200   0.0435   0.0371   0.0191 -99.9900  -9.9900 -99.9900  -9.9900   0.0309   0.0263 -99.9900  -9.9900 -99.9900  -9.9900   0.8600   0.0300 -99.9900 -99.9900   0.9900
2007co    -0.0410   0.0780   0.3920   0.0690   0.0300   0.0800  16.4300   0.0800  16.3800   0.0600   0.2306   0.0406   0.0266  16.3900   0.1000  -0.0200   0.1000   0.1637   0.0288   1.2800   0.2200   1.1400   0.0900   0.7000   0.0700   2.6900   1.1600   1.0100
2007cq     0.0520   0.0710   0.1090   0.0590   0.0100   0.0800  15.8200   0.0700  15.7900   0.0600   0.0641   0.0347   0.0247 -99.9900  -9.9900 -99.9900  -9.9900   0.0455   0.0246 -99.9900  -9.9900   1.1700   0.1800   0.6100   0.0700 -99.9900   0.8500   2.0000
2007F     -0.1400   0.0510   0.0470   0.0380  -0.0400   0.0400  15.8700   0.0300  15.9100   0.0200   0.0276   0.0224   0.0242 -99.9900  -9.9900 -99.9900  -9.9900   0.0196   0.0159 -99.9900  -9.9900   0.9300   0.0700   0.5800   0.0600 -99.9900   3.8400   3.8400
2007qe    -0.2570   0.0490   0.1480   0.0590  -0.0100   0.0500  16.0100   0.0400  15.9900   0.0300   0.0871   0.0347   0.0244 -99.9900  -9.9900 -99.9900  -9.9900   0.0618   0.0246 -99.9900  -9.9900   0.9800   0.0500   0.5900   0.0600 -99.9900   1.9300   2.9400
2007S     -0.3230   0.0400   0.8330   0.0540   0.3900   0.0400  15.8200   0.0300  15.4000   0.0300   0.4900   0.0318   0.0137 -99.9900  -9.9900 -99.9900  -9.9900   0.3479   0.0226 -99.9900  -9.9900   0.8800   0.0800   0.6200   0.0800 -99.9900   4.8300   4.8300
2008bf    -0.1790   0.0640   0.1020   0.0490   0.0400   0.0500  15.7200   0.0400  15.6800   0.0400   0.0600   0.0288   0.0253  15.2900   0.0800  -0.4000   0.0900   0.0426   0.0204 -99.9900  -9.9900   1.0100   0.0900   0.5900   0.0800   2.0600   4.9100   4.9200
