#SN    zhel   zcmb   ebvmw mjdmax    bmag     err    s      err     clr     err     cos     use
1980N  0.0059 0.0055 0.021 44585.89  12.422   0.011  0.833  0.015   0.029   0.008    0       1
1981B  0.0060 0.0060 0.018 44672.12  11.954   0.011  0.882  0.018   0.055   0.010    1       1
1981D  0.0059 0.0055 0.021 44679.43  12.541   0.052  0.860  0.040   0.193   0.049    1       1
1986G  0.0018 0.0027 0.115 46560.56  12.039   0.049  0.698  0.012   0.904   0.019    1       1
1989B  0.0024 0.0036 0.032 47564.44  12.241   0.035  0.903  0.027   0.374   0.029    1       1
1990af 0.0503 0.0499 0.035 48195.45  17.767   0.018  0.724  0.016  -0.014   0.016    1       1
1990N  0.0034 0.0045 0.026 48081.75  12.700   0.016  1.092  0.010   0.051   0.012    1       1
1990O  0.0307 0.0306 0.093 48075.41  16.232   0.048  1.046  0.050  -0.021   0.028    1       1
1990T  0.0400 0.0397 0.053 48083.61 -99.999  -9.999  0.952  0.045 -99.999  -9.999    1       1
1990Y  0.0390 0.0387 0.008 48113.86 -99.999  -9.999  0.997  0.151 -99.999  -9.999    0       0
1991ag 0.0142 0.0139 0.062 48412.32  14.431   0.077  1.099  0.028   0.003   0.019    1       1
1991bg 0.0035 0.0046 0.041 48605.29 -99.999  -9.999  0.500  0.200 -99.999  -9.999    0       1
1991M  0.0072 0.0076 0.038 48336.81 -99.999  -9.999  0.742  0.070 -99.999  -9.999    0       0
1991S  0.0550 0.0561 0.026 48345.43 -99.999  -9.999  1.002  0.052 -99.999  -9.999    0       1
1991T  0.0060 0.0060 0.022 48374.30  11.441   0.028  1.070  0.017   0.083   0.023    0       1
1991U  0.0314 0.0324 0.062 48353.85  16.334   0.078  1.014  0.052   0.012   0.043    1       1
1992A  0.0063 0.0059 0.017 48639.74  12.536   0.010  0.808  0.007   0.005   0.007    1       1
1992ae 0.0750 0.0746 0.036 48802.48  18.383   0.059  0.929  0.045  -0.069   0.038    1       1
1992ag 0.0250 0.0260 0.097 48805.25  16.268   0.047  0.981  0.046   0.106   0.029    1       1
1992al 0.0146 0.0135 0.034 48837.54  14.458   0.022  0.948  0.023  -0.101   0.017    1       1
1992aq 0.1018 0.1009 0.012 48833.51  19.318   0.048  0.836  0.076 -99.999  -9.999    1       1
1992au 0.0610 0.0604 0.017 48829.43 -99.999  -9.999  0.601  0.182 -99.999  -9.999    1       1
1992bc 0.0202 0.0198 0.022 48911.75  15.100   0.014  1.072  0.013  -0.095   0.011    1       1
1992bg 0.0352 0.0355 0.185 48914.64  16.692   0.097  0.938  0.055  -0.064   0.034    1       1
1992bh 0.0450 0.0453 0.022 48919.37  17.618   0.025  0.984  0.038   0.048   0.023    1       1
1992bk 0.0590 0.0589 0.015 48935.23 -99.999  -9.999  0.714  0.053 -99.999  -9.999    0       1
1992bl 0.0437 0.0429 0.011 48946.63  17.305   0.051  0.781  0.034  -0.053   0.028    1       1
1992bo 0.0185 0.0177 0.027 48985.29  15.731   0.021  0.749  0.011  -0.056   0.016    1       1
1992bp 0.0793 0.0789 0.069 48980.11  18.302   0.031  0.847  0.024  -0.087   0.024    1       1
1992br 0.0882 0.0878 0.026 48985.10  19.509   0.053  0.558  0.036   0.107   0.048    1       1
1992bs 0.0637 0.0634 0.012 48984.82  18.283   0.038  0.949  0.046  -0.035   0.026    1       1
1992J  0.0450 0.0461 0.057 48679.91  18.619   0.405  0.702  0.082   0.607   0.143    0       1
1992P  0.0254 0.0265 0.021 48716.90  16.046   0.031  1.164  0.122  -0.082   0.026    1       1
1993ac 0.0490 0.0490 0.163 49263.25 -99.999  -9.999  0.531  0.068 -99.999  -9.999    0       0
1993ae 0.0191 0.0181 0.039 49297.35  16.235   0.054  0.768  0.033   0.324   0.026    0       1
1993ag 0.0490 0.0500 0.112 49316.38  17.831   0.050  0.853  0.051   0.069   0.032    1       1
1993ah 0.0295 0.0285 0.020 49299.84 -99.999  -9.999  0.817  0.092 -99.999  -9.999    0       1
1993B  0.0690 0.0701 0.079 49004.61  18.456   0.057  0.915  0.047   0.039   0.031    1       1
1993H  0.0242 0.0251 0.060 49069.02  16.793   0.030  0.660  0.019   0.221   0.017    1       1
1993L  0.0066 0.0057 0.014 49114.76 -99.999  -9.999  0.500  0.200 -99.999  -9.999    0       0
1993O  0.0510 0.0519 0.053 49133.53  17.616   0.026  0.890  0.015  -0.095   0.020    1       1
1994ae 0.0043 0.0054 0.031 49684.49  12.947   0.020  1.050  0.013  -0.058   0.015    1       1
1994D  0.0015 0.0026 0.022 49431.37  11.758   0.010  0.812  0.004  -0.104   0.006    0       1
1994M  0.0232 0.0243 0.024 49474.08  16.212   0.041  0.802  0.031  -0.007   0.018    1       1
1994Q  0.0294 0.0294 0.017 49495.00  16.361   0.081  1.066  0.070   0.070   0.045    0       1
1994S  0.0152 0.0152 0.021 49517.30  14.784   0.023  1.036  0.041  -0.036   0.021    1       1
1995ac 0.0499 0.0487 0.042 49992.11  17.077   0.022  1.095  0.019  -0.011   0.013    1       1
1995ak 0.0227 0.0220 0.043 50018.87  15.780   0.066  0.886  0.037  -0.052   0.029    1       1
1995al 0.0051 0.0060 0.014 50028.31  13.316   0.018  1.076  0.028   0.106   0.017    1       1
1995bd 0.0146 0.0144 0.495 50085.68  15.281   0.201  1.029  0.015   0.243   0.054    1       1
1995D  0.0066 0.0077 0.058 49767.65  13.255   0.027  1.108  0.011  -0.005   0.014    1       1
1995E  0.0116 0.0117 0.027 49774.52  16.695   0.023  0.926  0.027   0.679   0.019    1       1
1996ab 0.1240 0.1244 0.032 50221.04  19.454   0.065  1.023  0.067 -99.999  -9.999    1       1
1996ai 0.0032 0.0039 0.014 50254.86  16.896   0.013  1.108  0.027   1.634   0.013    1       1
1996bl 0.0360 0.0349 0.105 50375.82  16.652   0.046  0.971  0.029  -0.008   0.022    1       1
1996bo 0.0173 0.0163 0.078 50386.48  15.839   0.034  0.874  0.015   0.309   0.014    1       1
1996bv 0.0167 0.0167 0.105 50403.40  15.323   0.054  1.051  0.046   0.142   0.022    1       1
1996C  0.0296 0.0301 0.014 50127.98  16.632   0.033  1.069  0.037   0.088   0.018    1       1
1996X  0.0069 0.0079 0.069 50190.71  12.990   0.032  0.854  0.017  -0.024   0.016    1       1
1996Z  0.0076 0.0087 0.063 50216.27  14.320   0.083  0.915  0.083   0.253   0.029    1       1
1997bp 0.0083 0.0094 0.044 50549.70  13.915   0.021  0.966  0.022   0.158   0.013    1       1
1997bq 0.0094 0.0096 0.024 50557.35  14.328   0.036  0.884  0.017   0.022   0.023    0       1
1997br 0.0053 0.0063 0.113 50556.96  13.305   0.082  0.914  0.041   0.183   0.041    0       1
1997cn 0.0162 0.0170 0.027 50580.38 -99.999  -9.999  0.500  0.200 -99.999  -9.999    0       0
1997cw 0.0171 0.0159 0.073 50629.36  15.989   0.062  1.130  0.041   0.420   0.026    1       1
1997dg 0.0308 0.0297 0.078 50719.56  16.829   0.038  0.929  0.049  -0.047   0.020    1       1
1997do 0.0101 0.0105 0.063 50765.83  14.271   0.041  0.944  0.029   0.006   0.025    1       1
1997E  0.0135 0.0135 0.124 50467.41  15.114   0.052  0.811  0.020   0.024   0.018    1       1
1997Y  0.0159 0.0164 0.017 50485.87  15.279   0.071  0.909  0.066  -0.051   0.019    0       1
1998ab 0.0271 0.0279 0.017 50913.58  16.060   0.031  0.939  0.024   0.029   0.022    1       1
1998aq 0.0037 0.0043 0.014 50930.28  12.305   0.010  0.955  0.009  -0.145   0.008    1       1
1998bp 0.0104 0.0102 0.076 50936.21  15.320   0.034  0.585  0.014   0.231   0.017    1       1
1998bu 0.0030 0.0042 0.025 50951.90  12.103   0.014  0.954  0.016   0.262   0.010    1       1
1998co 0.0181 0.0170 0.043 50987.87  15.670   0.087  0.632  0.171   0.048   0.025    0       0
1998D  0.0123 0.0130 0.015 50870.59 -99.999  -9.999  1.600  0.000 -99.999  -9.999    0       0
1998de 0.0167 0.0156 0.057 51026.15  17.360   0.026  0.573  0.007   0.647   0.014    1       1
1998dh 0.0089 0.0077 0.068 51028.96  13.859   0.037  0.907  0.017   0.032   0.022    0       1
1998dm 0.0065 0.0055 0.044 51059.42  14.637   0.084  1.065  0.071   0.222   0.051    1       1
1998dx 0.0542 0.0537 0.041 51071.47  17.552   0.039  0.799  0.038  -0.094   0.021    1       1
1998ec 0.0199 0.0201 0.085 51088.67  16.168   0.111  0.975  0.070   0.121   0.057    0       1
1998ef 0.0177 0.0167 0.073 51113.18  14.828   0.037  0.902  0.030  -0.084   0.019    1       1
1998eg 0.0248 0.0235 0.123 51109.93  16.110   0.054  0.919  0.065  -0.008   0.021    0       1
1998es 0.0106 0.0096 0.032 51142.26  13.844   0.016  1.140  0.010   0.084   0.010    1       1
1998V  0.0176 0.0172 0.196 50890.54  15.078   0.083  1.001  0.039  -0.021   0.027    1       1
1999aa 0.0144 0.0153 0.040 51231.89  14.730   0.018  1.126  0.008  -0.052   0.009    1       1
1999ac 0.0095 0.0098 0.046 51249.93  14.123   0.021  0.981  0.012   0.041   0.011    1       1
1999ao 0.0539 0.0543 0.065 51243.87  17.872   0.038  0.949  0.040  -0.022   0.019    1       1
1999ar 0.1548 0.1559 0.031 51247.95  19.917   0.030  1.019  0.053  -0.106   0.024    1       1
1999aw 0.0380 0.0392 0.032 51253.42  16.755   0.017  1.225  0.013  -0.025   0.011    1       1
1999bi 0.1227 0.1239 0.027 51248.31  19.698   0.055  1.291  0.091   0.044   0.037    1       1
1999bm 0.1428 0.1439 0.024 51258.15  20.469   0.031  0.662  0.057   0.057   0.025    1       1
1999bn 0.1285 0.1297 0.059 51257.97  19.565   0.033  1.176  0.072  -0.090   0.032    1       1
1999bp 0.0770 0.0782 0.034 51263.32  18.370   0.020  1.041  0.033  -0.071   0.016    1       1
1999by 0.0021 0.0027 0.016 51308.62  13.598   0.013  0.576  0.009   0.458   0.011    1       1
1999cc 0.0313 0.0315 0.023 51314.94  16.782   0.012  0.784  0.016   0.005   0.009    1       1
1999cl 0.0076 0.0087 0.038 51341.64  14.874   0.020  0.960  0.022   1.137   0.015    1       1
1999cp 0.0095 0.0104 0.024 51362.76  13.950   0.022  1.010  0.033  -0.064   0.018    1       1
1999da 0.0127 0.0125 0.056 51370.57  16.598   0.027  0.552  0.007   0.508   0.014    1       1
1999dk 0.0150 0.0139 0.054 51414.31  14.832   0.027  0.967  0.030   0.056   0.019    1       1
1999dq 0.0143 0.0135 0.110 51435.53  14.424   0.045  1.121  0.008   0.086   0.014    1       1
1999ee 0.0114 0.0105 0.020 51468.82  14.851   0.010  1.065  0.006   0.261   0.006    1       1
1999ef 0.0391 0.0380 0.087 51454.21  16.907   0.217  1.050  0.065  -0.039   0.035    1       1
1999ek 0.0175 0.0176 0.561 51481.55  15.631   0.228  0.891  0.013   0.107   0.060    1       1
1999gd 0.0185 0.0193 0.041 51518.98  16.934   0.034  0.920  0.056   0.366   0.022    1       1
1999gh 0.0077 0.0088 0.058 51510.88 -99.999  -9.999  0.716  0.049 -99.999  -9.999    0       1
1999gp 0.0268 0.0260 0.056 51549.60  16.035   0.024  1.167  0.015   0.031   0.012    1       1
1999X  0.0251 0.0258 0.032 51205.45  16.093   0.133  0.906  0.082  -0.011   0.053    1       1
2000bh 0.0228 0.0239 0.048 51634.43  15.846   0.123  0.918  0.054  -0.008   0.025    0       1
2000ca 0.0236 0.0245 0.067 51665.00  15.572   0.031  1.076  0.029  -0.075   0.017    1       1
2000ce 0.0163 0.0165 0.057 51666.50  17.056   0.044  1.021  0.031   0.498   0.023    1       1
2000cf 0.0364 0.0365 0.032 51672.21  17.030   0.030  0.895  0.026  -0.052   0.016    1       1
2000cn 0.0235 0.0232 0.057 51706.82  16.556   0.027  0.758  0.013   0.116   0.014    1       1
2000cx 0.0079 0.0081 0.082 51751.96  13.065   0.035  0.871  0.007   0.019   0.012    0       1
2000dk 0.0174 0.0165 0.070 51811.98  15.356   0.031  0.744  0.014  -0.007   0.014    1       1
2000E  0.0047 0.0042 0.364 51576.11  12.851   0.150  1.060  0.012   0.128   0.042    1       1
2000fa 0.0213 0.0218 0.069 51891.61  15.860   0.046  1.027  0.031   0.047   0.025    1       1
2001ay 0.0302 0.0309 0.019 52018.73  16.775   0.034  1.587  0.030   0.038   0.117    0       1
2001az 0.0407 0.0406 0.051 52030.63  16.928   0.044  1.083  0.065  -0.060   0.022    1       1
2001ba 0.0294 0.0305 0.064 52033.38  16.214   0.028  1.008  0.020  -0.096   0.017    1       1
2001bf 0.0155 0.0152 0.099 52045.04  14.710   0.046  1.137  0.034  -0.005   0.018    1       1
2001bt 0.0146 0.0144 0.065 52063.43  15.287   0.029  0.895  0.012   0.166   0.014    1       1
2001cn 0.0155 0.0154 0.059 52071.75  15.256   0.033  0.924  0.023   0.129   0.013    1       1
2001cz 0.0154 0.0163 0.092 52103.18  15.058   0.040  1.001  0.021   0.072   0.017    1       1
2001da 0.0172 0.0160 0.058 52107.30  15.480   0.090  0.888  0.236   0.105   0.034    1       1
2001eh 0.0370 0.0362 0.064 52168.37  16.609   0.030  1.198  0.028  -0.001   0.014    1       1
2001el 0.0039 0.0037 0.014 52181.94  12.782   0.011  0.975  0.010   0.119   0.010    1       1
2001en 0.0159 0.0149 0.054 52191.95  15.052   0.082  0.898  0.047   0.021   0.021    1       1
2001ep 0.0130 0.0130 0.047 52199.68  14.900   0.024  0.878  0.021   0.083   0.015    1       1
2001fe 0.0135 0.0145 0.022 52228.24  14.696   0.020  1.091  0.026   0.020   0.017    1       1
2001fh 0.0130 0.0121 0.746 52223.99  14.215   0.306  0.772  0.023  -0.089   0.073    1       1
2001ie 0.0307 0.0312 0.009 52254.03  16.776   0.053  0.799  0.046   0.062   0.023    1       1
2001N  0.0210 0.0221 0.027 51930.20  16.577   0.040  0.940  0.048   0.286   0.021    1       1
2001V  0.0150 0.0160 0.020 51973.17  14.618   0.018  1.128  0.012   0.050   0.014    1       1
2002bf 0.0244 0.0249 0.011 52337.69  16.334   0.050  0.937  0.029   0.169   0.028    1       1
2002bo 0.0042 0.0053 0.025 52356.31  13.956   0.016  0.942  0.011   0.378   0.013    1       1
2002cd 0.0103 0.0097 0.405 52383.42  15.500   0.164  1.068  0.022   0.435   0.045    1       1
2002ck 0.0299 0.0303 0.098 52395.07  16.276   0.118  1.060  0.064  -0.020   0.027    1       1
2002cr 0.0095 0.0104 0.025 52408.24  14.198   0.021  0.940  0.018  -0.036   0.017    1       1
2002cx 0.0240 0.0240 0.032 52416.14  17.427   0.032  0.572  0.011   0.025   0.020    0       1
2002de 0.0281 0.0283 0.019 52433.17  16.676   0.017  1.060  0.070   0.140   0.015    1       1
2002dj 0.0094 0.0104 0.096 52450.26  13.930   0.043  0.944  0.012   0.056   0.017    1       1
2002do 0.0159 0.0152 0.314 52443.86  15.519   0.132  0.634  0.044   0.019   0.038    0       1
2002dp 0.0116 0.0104 0.049 52450.42  14.609   0.029  0.964  0.035   0.124   0.022    1       1
2002er 0.0086 0.0088 0.157 52523.98  14.259   0.065  0.876  0.009   0.124   0.020    1       1
2002es 0.0284 0.0279 0.180 52510.86  16.158   0.097  1.014  0.046   0.252   0.040    0       1
2002fb 0.0156 0.0147 0.089  -100.00 -99.999  -9.999 -9.999 -9.999  -9.999  -9.999    0       0
2002fk 0.0071 0.0066 0.040 52547.24  13.129   0.026  0.985  0.034  -0.102   0.021    1       1
2002ha 0.0141 0.0131 0.102 52580.51  14.706   0.045  0.866  0.026  -0.060   0.020    1       1
2002hd 0.0350 0.0360 0.038 52577.09  16.864   0.037  0.813  0.050   0.112   0.015    1       1
2002he 0.0246 0.0248 0.040 52585.58  16.233   0.042  0.803  0.020  -0.018   0.026    1       1
2002hu 0.0380 0.0372 0.045 52591.70  16.631   0.023  1.037  0.023  -0.061   0.015    1       1
2002hw 0.0175 0.0163 0.105 52595.21  16.651   0.054  0.762  0.028   0.407   0.024    0       1
2002jy 0.0196 0.0187 0.053 52633.28  15.738   0.029  1.115  0.036  -0.005   0.015    1       1
2002kf 0.0193 0.0195 0.117 52638.90  15.636   0.055  0.844  0.028  -0.052   0.020    1       1
2003cg 0.0041 0.0053 0.031 52729.07  15.793   0.016  0.952  0.010   1.148   0.011    1       1
2003ch 0.0300 0.0306 0.070 52725.83  16.686   0.034  0.814  0.031   0.001   0.018    1       1
2003cq 0.0333 0.0338 0.020 52738.89 -99.999  -9.999  0.918  0.029 -99.999  -9.999    0       0
2003du 0.0064 0.0066 0.010 52765.37  13.466   0.008  1.006  0.007  -0.112   0.007    1       1
2003fa 0.0394 0.0391 0.039 52806.47  16.712   0.022  1.153  0.015  -0.002   0.013    1       1
2003hu 0.0750 0.0747 0.061 52899.42  18.461   0.137  1.160  0.058   0.136   0.027    1       1
2003hx 0.0071 0.0074 0.084 52900.07  14.864   0.046  0.836  0.063   0.011   0.022    1       1
2003ic 0.0557 0.0546 0.038 52907.20  17.663   0.075  0.745  0.054   0.004   0.025    0       1
2003iv 0.0343 0.0336 0.137 52934.42  16.986   0.058  0.696  0.073  -0.037   0.024    1       1
2003kc 0.0332 0.0341 0.020 52978.80  17.136   0.048  0.842  0.037   0.104   0.032    0       1
2003kf 0.0074 0.0077 0.313 52980.45  13.272   0.129  1.040  0.025  -0.016   0.038    1       1
2003U  0.0283 0.0282 0.030 52676.76  16.508   0.029  0.794  0.023   0.013   0.022    1       1
2003W  0.0201 0.0211 0.048 52679.85  15.880   0.023  0.986  0.018   0.137   0.014    1       1
2004as 0.0310 0.0321 0.015 53085.35  16.964   0.022  1.060  0.043   0.064   0.021    1       1
2004eo 0.0157 0.0148 0.109 53277.91  15.076   0.045  0.869  0.005   0.049   0.013    1       1
2004fu 0.0092 0.0087 0.387 53325.23  14.253   0.160  0.867  0.012   0.007   0.044    1       1
2004L  0.0323 0.0334 0.032 53028.91  17.296   0.052  0.928  0.039   0.159   0.026    1       1
2004S  0.0094 0.0099 0.101 53039.48  14.131   0.051  0.976  0.034   0.012   0.023    1       1
2005am 0.0079 0.0090 0.054 53437.00  13.664   0.025  0.697  0.016   0.049   0.011    1       1
2005cf 0.0064 0.0070 0.097 53533.39  13.238   0.040  0.983  0.004  -0.035   0.011    1       1
2005el 0.0149 0.0149 0.114 53646.02  14.840   0.049  0.809  0.013  -0.068   0.018    1       1
2005eq 0.0290 0.0284 0.074 53653.47  16.300   0.032  1.177  0.015   0.048   0.014    1       1
2005eu 0.0349 0.0341 0.131 53659.69  16.498   0.060  1.109  0.015   0.004   0.027    1       1
2005ew 0.0030 0.0025 0.500 53634.46  12.908   0.223  1.239  0.033  -0.092   0.055    0       1
2005hc 0.0459 0.0450 0.033 53667.60  17.364   0.019  1.020  0.031  -0.015   0.014    1       1
2005hf 0.0431 0.0421 0.054 53662.90  17.135   0.127  0.760  0.032  -0.091   0.051    1       1
2005hj 0.0574 0.0576 0.039 53671.90  17.679   0.038  1.258  0.050  -0.048   0.018    1       1
2005hk 0.0130 0.0118 0.022 53685.11  15.951   0.015  0.878  0.005   0.282   0.015    0       1
2005iq 0.0340 0.0329 0.022 53687.07  16.818   0.018  0.866  0.019  -0.067   0.014    1       1
2005ir 0.0763 0.0753 0.031 53680.38  18.424   0.034  1.442  0.113  -0.012   0.034    1       1
2005kc 0.0151 0.0139 0.132 53697.19  15.606   0.056  0.933  0.017   0.227   0.020    1       1
2005ke 0.0049 0.0045 0.025 53698.74  14.804   0.026  0.643  0.012   0.574   0.019    0       1
2005ki 0.0192 0.0204 0.032 53704.42  15.554   0.025  0.801  0.012  -0.085   0.021    1       1
2005ls 0.0211 0.0205 0.093 53713.93  16.248   0.042  1.127  0.034   0.360   0.018    1       1
2005lu 0.0320 0.0313 0.026 53722.42  18.139   0.057  1.001  0.125   0.409   0.037    0       0
2005lz 0.0410 0.0402 0.090 53735.54  17.620   0.040  0.823  0.020   0.095   0.018    1       1
2005mc 0.0252 0.0260 0.044 53734.26  17.233   0.023  0.651  0.015   0.238   0.015    0       1
2005ms 0.0252 0.0259 0.034 53743.30  16.159   0.022  1.060  0.020  -0.012   0.016    1       1
2005mz 0.0176 0.0170 0.163 53744.97  16.420   0.068  0.608  0.008   0.281   0.023    0       1
2005na 0.0263 0.0268 0.078 53739.21  15.969   0.065  0.987  0.037  -0.070   0.025    1       1
2006ac 0.0231 0.0239 0.016 53781.22  16.185   0.017  0.874  0.016   0.096   0.015    1       1
2006ak 0.0381 0.0391 0.033 53781.48  17.236   0.100  0.838  0.037   0.055   0.036    1       1
2006al 0.0679 0.0690 0.026 53787.70  18.439   0.050  0.781  0.037  -0.054   0.020    1       1
2006an 0.0640 0.0651 0.027 53790.61  18.153   0.032  1.071  0.042   0.035   0.016    1       1
2006ar 0.0225 0.0229 0.014 53813.23  16.480   0.014  0.919  0.031   0.136   0.014    1       1
2006ax 0.0167 0.0180 0.050 53826.62  15.042   0.023  0.995  0.012  -0.065   0.012    1       1
2006az 0.0309 0.0315 0.014 53826.20  16.492   0.013  0.859  0.011  -0.058   0.011    1       1
2006bk 0.0057 0.0065 0.014 53823.16  16.997   0.057  1.096  0.028   0.227   0.031    0       1
2006bq 0.0219 0.0214 0.059 53846.83  16.153   0.035  0.841  0.021   0.075   0.014    1       1
2006br 0.0246 0.0255 0.025 53851.54  18.946   0.028  0.810  0.043   0.825   0.019    1       1
2006bt 0.0322 0.0325 0.050 53857.64  16.951   0.022  1.006  0.024   0.150   0.011    1       1
2006bw 0.0300 0.0308 0.037 53855.39  17.563   0.044  0.723  0.026   0.341   0.018    1       1
2006bz 0.0279 0.0280 0.010 53863.87 -99.999  -9.999  0.500  0.200 -99.999  -9.999    0       1
2006cc 0.0325 0.0327 0.015 53873.37  17.814   0.012  1.032  0.014   0.375   0.010    1       1
2006cj 0.0675 0.0684 0.012 53876.20  18.139   0.034  1.245  0.111  -0.082   0.019    1       1
2006cm 0.0163 0.0153 0.048 53883.98  17.944   0.027  1.050  0.044   0.917   0.018    1       1
2006cp 0.0223 0.0233 0.026 53896.99  15.994   0.020  1.065  0.019   0.085   0.017    1       1
2006cq 0.0483 0.0491 0.015 53889.04  17.587   0.017  0.789  0.112   0.016   0.016    0       0
2006cs 0.0237 0.0244 0.012 53894.13 -99.999  -9.999  0.500  0.200 -99.999  -9.999    0       1
2006D  0.0085 0.0097 0.046 53756.89  14.130   0.025  0.789  0.018   0.045   0.015    1       1
2006ef 0.0179 0.0170 0.024 53966.35  15.162   0.168  0.840  0.041  -0.124   0.050    0       1
2006ej 0.0203 0.0192 0.035 53975.98  15.793   0.029  0.809  0.035   0.041   0.018    1       1
2006em 0.0192 0.0185 0.059 53982.29  19.255   0.078  0.503  0.040   0.862   0.041    1       1
2006en 0.0319 0.0308 0.064 53971.13  16.754   0.052  1.004  0.037   0.064   0.021    1       1
2006et 0.0222 0.0212 0.019 53993.25  16.007   0.025  1.133  0.042   0.189   0.020    1       1
2006eu 0.0236 0.0229 0.194 53988.37  17.195   0.090  0.951  0.046   0.544   0.029    0       0
2006gj 0.0283 0.0277 0.084 54000.17  17.610   0.045  0.648  0.022   0.320   0.024    1       1
2006gr 0.0346 0.0335 0.085 54012.56  16.972   0.036  1.115  0.015   0.102   0.013    1       1
2006gt 0.0448 0.0437 0.037 54005.35  18.440   0.052  0.543  0.025   0.246   0.030    1       1
2006gz 0.0237 0.0234 0.063 54020.99  15.839   0.028  1.264  0.011   0.072   0.013    0       1
2006H  0.0140 0.0135 0.206 53752.81  17.017   0.090  0.621  0.020   0.578   0.028    1       1
2006hb 0.0153 0.0154 0.027 54002.41  15.482   0.047  0.670  0.019   0.099   0.024    1       1
2006is 0.0314 0.0314 0.034 54002.66  16.007   0.190  1.316  0.032  -0.098   0.023    1       1
2006je 0.0380 0.0371 0.046 54026.78 -99.999  -9.999  0.500  0.200 -99.999  -9.999    0       0
2006ke 0.0172 0.0171 0.188 54033.41 -99.999  -9.999  0.500  0.200 -99.999  -9.999    0       0
2006kf 0.0213 0.0208 0.246 54041.41  15.830   0.102  0.709  0.025  -0.045   0.032    1       1
2006le 0.0174 0.0173 0.408 54047.65  14.798   0.166  1.107  0.009  -0.052   0.046    1       1
2006lf 0.0132 0.0130 0.954 54044.57  13.705   0.392  0.814  0.010  -0.146   0.084    1       1
2006mo 0.0370 0.0360 0.045 54047.53  17.442   0.032  0.749  0.028   0.072   0.018    1       1
2006mp 0.0230 0.0233 0.035 54053.45  15.987   0.018  1.083  0.024   0.035   0.013    1       1
2006N  0.0143 0.0143 0.096 53760.41  15.081   0.043  0.756  0.018  -0.027   0.015    1       1
2006nz 0.0382 0.0371 0.040 54058.06  18.084   0.039  0.596  0.034   0.255   0.024    0       1
2006oa 0.0600 0.0589 0.041 54066.16  17.879   0.022  1.139  0.026   0.016   0.014    1       1
2006ob 0.0592 0.0583 0.033 54062.89  18.232   0.020  0.710  0.014   0.030   0.016    1       1
2006on 0.0700 0.0688 0.142 54063.71  18.408   0.069  0.988  0.093   0.089   0.044    1       1
2006or 0.0207 0.0217 0.036 54065.75  17.803   0.091  1.002  0.077   0.378   0.045    0       0
2006os 0.0328 0.0321 0.146 54063.52  17.612   0.063  0.913  0.034   0.379   0.024    0       1
2006qo 0.0304 0.0308 0.039 54082.22  16.836   0.022  1.056  0.015   0.193   0.014    1       1
2006S  0.0321 0.0329 0.017 53769.25  16.862   0.013  1.123  0.015   0.084   0.012    1       1
2006sr 0.0241 0.0230 0.094 54092.19  16.128   0.040  0.844  0.024  -0.002   0.016    1       1
2006td 0.0159 0.0150 0.088 54098.76  15.732   0.039  0.818  0.043   0.118   0.016    1       1
2006te 0.0316 0.0321 0.045 54095.58  16.514   0.044  1.028  0.048  -0.063   0.022    1       1
2006X  0.0052 0.0063 0.026 53785.85  15.224   0.015  0.959  0.009   1.233   0.010    1       1
2007ae 0.0644 0.0642 0.045 54152.54  17.780   0.044  1.155  0.031   0.006   0.018    1       1
2007af 0.0055 0.0063 0.039 54173.82  13.158   0.018  0.961  0.010   0.049   0.009    1       1
2007ai 0.0317 0.0320 0.331 54172.90  16.900   0.134  1.185  0.046   0.145   0.038    1       1
2007al 0.0121 0.0133 0.042 54171.62 -99.999  -9.999  0.500  0.200 -99.999  -9.999    1       1
2007ap 0.0158 0.0163 0.033 54176.39  15.856   0.028  0.539  0.022   0.167   0.021    1       1
2007ar 0.0529 0.0534 0.010 54164.79 -99.999  -9.999  0.786  0.051 -99.999  -9.999    0       1
2007au 0.0206 0.0209 0.067 54183.86  16.506   0.032  0.658  0.009   0.186   0.016    1       1
2007ax 0.0069 0.0076 0.054 54188.63 -99.999  -9.999  0.500  0.200 -99.999  -9.999    0       1
2007ba 0.0385 0.0391 0.037 54196.16 -99.999  -9.999  0.560  0.032 -99.999  -9.999    0       0
2007bc 0.0208 0.0219 0.022 54199.72  15.890   0.018  0.844  0.025  -0.006   0.016    1       1
2007bd 0.0310 0.0320 0.034 54205.82  16.570   0.018  0.822  0.013  -0.033   0.012    1       1
2007bm 0.0062 0.0074 0.041 54223.99  14.481   0.022  0.923  0.011   0.441   0.013    1       1
2007bz 0.0218 0.0227 0.034 54212.08  16.669   0.031  1.175  0.033   0.152   0.022    1       1
2007ca 0.0141 0.0151 0.067 54226.95  15.938   0.030  1.051  0.017   0.260   0.014    1       1
2007cg 0.0332 0.0342 0.082 54230.86  18.282   0.066  0.822  0.054   0.605   0.024    1       1
2007ci 0.0181 0.0192 0.026 54246.17  15.920   0.018  0.750  0.008   0.070   0.014    1       1
2007co 0.0270 0.0266 0.113 54264.49  16.451   0.046  0.948  0.013   0.081   0.015    1       1
2007cq 0.0259 0.0247 0.109 54280.36  15.838   0.045  0.920  0.017   0.020   0.016    1       1
2007F  0.0236 0.0242 0.017 54123.19  15.901   0.012  1.068  0.013  -0.015   0.010    1       1
2007N  0.0129 0.0140 0.040 54123.28 -99.999  -9.999  0.500  0.200 -99.999  -9.999    1       1
2007O  0.0362 0.0366 0.023 54124.40  16.780   0.045  0.933  0.036  -0.029   0.021    1       1
2007qe 0.0240 0.0229 0.038 54428.94  16.048   0.018  1.053  0.010   0.064   0.010    1       1
2007R  0.0308 0.0312 0.047 54128.65  16.652   0.049  0.816  0.022  -0.086   0.022    0       1
2007S  0.0139 0.0134 0.028 54143.96  15.823   0.014  1.130  0.012   0.408   0.008    1       1
2007sr 0.0055 0.0067 0.047 54448.13  12.757   0.035  0.989  0.023   0.118   0.014    1       1
2008af 0.0335 0.0341 0.034 54500.69  16.782   0.079  0.851  0.029  -0.001   0.027    1       1
2008bf 0.0240 0.0251 0.035 54554.15  15.735   0.019  1.040  0.020   0.027   0.014    1       1
