# Index Name   Index wl range      Blue cont wl range  Red cont wl range  Units
################################################################################
 Lick_CN1      4143.375  4178.375  4081.375  4118.875  4245.375  4285.375  mag
 Lick_CN2      4143.375  4178.375  4085.125  4097.625  4245.375  4285.375  mag
 Lick_Ca4227   4223.500  4236.000  4212.250  4221.000  4242.250  4252.250  A
 Lick_G4300    4282.625  4317.625  4267.625  4283.875  4320.125  4333.375  A
 Lick_Fe4383   4370.375  4421.625  4360.375  4371.625  4444.125  4456.625  A
 Lick_Ca4455   4453.375  4475.875  4447.125  4455.875  4478.375  4493.375  A
 Lick_Fe4531   4515.500  4560.500  4505.500  4515.500  4561.750  4580.500  A
 Lick_C4668    4635.250  4721.500  4612.750  4631.500  4744.000  4757.750  A
 Lick_Hb       4848.875  4877.625  4828.875  4848.875  4877.625  4892.625  A
 Lick_Fe5015   4979.000  5055.250  4947.750  4979.000  5055.250  5066.500  A
 Lick_Mg1      5070.375  5135.375  4896.375  4958.875  5302.375  5367.375  mag
 Lick_Mg2      5155.375  5197.875  4896.375  4958.875  5302.375  5367.375  mag
 Lick_Mgb      5161.375  5193.875  5143.875  5162.625  5192.625  5207.625  A
 Lick_Fe527    5247.375  5287.375  5234.875  5249.875  5287.375  5319.875  A
 Lick_Fe5335   5314.125  5354.125  5306.625  5317.875  5355.375  5365.375  A
 Lick_Fe5406   5390.250  5417.750  5379.000  5390.250  5417.750  5427.750  A
 Lick_Fe5709   5698.375  5722.125  5674.625  5698.375  5724.625  5738.375  A
 Lick_Fe5782   5778.375  5798.375  5767.125  5777.125  5799.625  5813.375  A
 Lick_NaD      5878.625  5911.125  5862.375  5877.375  5923.875  5949.875  A
 Lick_TiO1     5938.875  5995.875  5818.375  5850.875  6040.375  6105.375  mag
 Lick_TiO2     6191.375  6273.875  6068.375  6143.375  6374.375  6416.875  mag
 BH_CNB        3810.0    3910.0    3785.0    3810.0    3910.0    3925.0    mag
 BH_HK         3925.0    3995.0    3910.0    3925.0    3995.0    4010.0    mag
 BH_CaI        4215.0    4245.0    4200.0    4215.0    4245.0    4260.0    mag
 BH_G          4285.0    4315.0    4275.0    4285.0    4315.0    4325.0    mag
 BH_Hb         4830.0    4890.0    4800.0    4830.0    4890.0    4920.0    mag
 BH_MgG        5150.0    5195.0    5125.0    5150.0    5195.0    5220.0    mag
 BH_MH         4940.0    5350.0    4740.0    4940.0    5350.0    5550.0    mag
 BH_FC         5250.0    5280.0    5225.0    5250.0    5280.0    5305.0    mag
 BH_NaD        5865.0    5920.0    5835.0    5865.0    5920.0    5950.0    mag
 DTT_CaII8498  8483.0    8513.0    8447.5    8462.5    8842.5    8857.5    A
 DTT_CaII8542  8527.0    8557.0    8447.5    8462.     8842.5    8857.5    A
 DTT_CaII8662  8467.0    8677.0    8447.5    8462.5    8842.5    8857.5    A
 DTT_MgI8807   8799.5    8814.5    8775.0    8787.0    8845.0    8855.0    A  
 Lick_Hd_A     4083.500  4122.250  4041.600  4079.750  4128.500  4161.000  A 
 Lick_Hd_F     4091.000  4112.250  4057.250  4088.500  4114.750  4137.250  A
 Lick_Hg_A     4319.750  4363.500  4283.500  4319.750  4367.250  4419.750  A 
 Lick_Hg_F     4331.250  4352.250  4283.500  4319.750  4354.750  4384.750  A
