La	1215.6701
CIV	1548.202       -20      3
	1550.774
HeII	1640.47          4      4
CIII]	1908.72          2      12
CII]	2326.          -12      4
[NeIV]	2423.5          10      6
MgII	2796.352         0      5
	2803.531                
[NeV]	3426.          -10      5
[OII]	3726.6      -20
	3729.
[NeIII]	3869.
H7	3970.
Hd	4102.        20
Hg	4340.       -40
[OIII]	4363.
HeII	4686.
Hb	4861.
[OIII]	4959.       150      6
	5007.
HeI	5876.
[OI]	6300.        30
	6363.
[NII]	6548.        20
	6584.
Ha	6563.
[SII]	6717.        85       6
	6731.
[ArIII]	7135.
[OII]	7319.         5       6
	7330.
[SIII]	9069.       275
	9532.
